145	15																																																																																																																																															
11	52																																																																																																																																															
256																																																																																																																																																
																																																																																																																																																
-1	18	243	-1	225	101	206	-1	253	210	-1	84	83	143	-1	206	66	156	-1	61	68	88	157	-1	92	187	-1	154	51	91	-1	95	-1	55	153	180	8	61	-1	97	75	187	-1	-1	-1	213	-1	-1	-1	-1	122	-1	-1	-1	-1	44	-1	-1	202	-1	-1	-1	183	-1	-1	-1	0	-1	-1	50	-1	-1	-1	-1	-1	205	-1	-1	-1	-1	-1	212	-1	-1	-1	-1	134	-1	-1	-1	-1	168	-1	-1	-1	-1	-1	135	-1	-1	-1	-1	-1	13	-1	-1	-1	-1	168	-1	182	-1	-1	-1	-1	223	-1	-1	0	-1	-1	-1	-1	190	-1	-1	-1	-1	-1	59	1	-1	-1	-1	-1	-1	-1	-1	0	-1	-1	-1	-1	-1	-1
63	-1	33	233	174	-1	0	74	-1	201	0	19	0	-1	0	-1	57	0	218	89	-1	84	0	114	100	-1	191	-1	107	127	12	138	181	-1	0	69	-1	0	247	0	-1	-1	-1	131	-1	-1	-1	-1	0	-1	-1	-1	0	-1	0	-1	-1	-1	226	-1	79	-1	-1	-1	0	-1	-1	-1	-1	-1	0	-1	-1	-1	-1	-1	-1	157	-1	-1	-1	-1	248	-1	-1	-1	-1	-1	-1	151	-1	-1	-1	-1	0	-1	162	-1	-1	-1	-1	85	-1	-1	-1	-1	20	-1	-1	-1	-1	125	-1	-1	-1	-1	0	-1	-1	-1	68	-1	-1	-1	-1	-1	26	-1	-1	208	-1	0	-1	-1	-1	-1	-1	-1	0	-1	-1	-1	-1	-1	-1
0	-1	189	0	-1	5	112	0	4	191	-1	-1	140	251	25	0	179	248	-1	-1	22	46	88	-1	155	167	-1	137	0	47	55	-1	0	113	153	-1	205	121	-1	94	233	-1	-1	-1	183	-1	108	-1	-1	-1	252	-1	-1	163	-1	-1	-1	254	-1	185	-1	-1	-1	-1	-1	72	-1	-1	-1	-1	-1	218	-1	-1	-1	-1	115	-1	-1	89	-1	-1	-1	-1	23	-1	-1	-1	-1	-1	0	-1	-1	-1	-1	86	-1	-1	-1	-1	0	-1	-1	-1	122	-1	-1	-1	35	-1	-1	-1	-1	-1	0	-1	-1	-1	-1	-1	-1	208	-1	-1	-1	-1	-1	55	-1	14	-1	0	-1	-1	-1	-1	-1	-1	-1	0	-1	-1	-1	-1	-1
163	231	-1	198	200	125	-1	248	164	-1	186	170	-1	0	168	31	-1	185	173	98	0	-1	71	64	-1	69	117	0	-1	-1	166	134	6	195	137	115	-1	69	134	-1	158	-1	43	-1	-1	-1	-1	152	-1	-1	-1	197	-1	-1	-1	84	-1	-1	-1	-1	218	-1	-1	85	-1	-1	-1	-1	-1	23	-1	-1	-1	-1	0	-1	-1	10	-1	-1	-1	-1	53	-1	-1	-1	228	-1	-1	-1	-1	-1	138	-1	36	-1	-1	-1	22	-1	-1	-1	-1	88	-1	-1	-1	-1	-1	149	-1	-1	-1	90	-1	-1	-1	-1	-1	164	-1	-1	-1	-1	-1	41	-1	-1	-1	12	-1	-1	0	-1	-1	-1	-1	-1	-1	0	-1	-1	-1	-1	-1
-1	55	246	100	-1	37	77	-1	168	246	54	159	38	93	-1	-1	164	104	116	107	-1	88	-1	101	213	57	-1	239	124	180	-1	89	237	127	-1	66	243	-1	149	106	-1	116	-1	-1	-1	248	-1	-1	159	-1	-1	-1	245	-1	-1	-1	136	-1	-1	225	-1	-1	-1	-1	81	-1	-1	147	-1	-1	-1	-1	-1	148	-1	-1	-1	-1	-1	107	-1	-1	-1	-1	202	-1	-1	26	-1	-1	-1	-1	-1	210	-1	-1	-1	-1	-1	163	-1	-1	-1	-1	-1	214	-1	-1	-1	-1	226	-1	-1	-1	218	-1	-1	-1	-1	187	-1	-1	-1	-1	237	-1	168	-1	-1	203	-1	-1	0	-1	-1	-1	-1	-1	-1	-1	0	-1	-1	-1	-1
-1	0	51	205	55	0	-1	227	-1	54	112	85	-1	234	164	37	223	93	-1	173	56	-1	154	211	-1	160	216	162	-1	0	163	44	236	-1	139	-1	101	28	0	-1	104	-1	-1	205	-1	93	-1	-1	-1	188	-1	-1	-1	-1	72	-1	-1	121	-1	-1	-1	-1	177	-1	-1	182	-1	-1	-1	-1	-1	207	-1	-1	-1	-1	-1	104	-1	-1	-1	-1	-1	214	-1	-1	-1	-1	148	-1	-1	-1	35	-1	-1	155	-1	-1	-1	-1	-1	87	-1	-1	-1	-1	-1	8	-1	-1	-1	-1	40	-1	-1	-1	-1	134	-1	-1	-1	-1	79	-1	-1	-1	-1	-1	-1	193	0	-1	-1	0	-1	-1	-1	-1	-1	-1	0	-1	-1	-1	-1
224	-1	49	25	66	-1	0	164	82	-1	88	176	-1	93	39	236	-1	83	25	-1	218	131	172	-1	66	119	190	-1	64	108	215	213	-1	214	126	1	-1	67	27	-1	162	117	-1	-1	35	-1	-1	-1	150	-1	-1	179	-1	-1	-1	104	-1	-1	-1	-1	-1	232	-1	-1	-1	-1	-1	225	-1	-1	-1	-1	90	-1	131	-1	-1	-1	-1	196	-1	-1	-1	-1	-1	145	-1	-1	-1	-1	6	-1	-1	-1	-1	-1	-1	136	-1	-1	-1	-1	110	-1	-1	238	-1	-1	-1	-1	-1	1	-1	-1	-1	-1	7	-1	-1	-1	-1	-1	-1	242	-1	-1	-1	-1	165	-1	-1	-1	-1	0	-1	-1	-1	-1	-1	-1	-1	0	-1	-1	-1
152	231	3	-1	234	-1	15	220	223	147	-1	80	162	-1	66	42	91	-1	21	0	-1	215	101	0	0	-1	230	-1	240	-1	17	248	74	-1	26	27	27	96	-1	196	190	-1	249	-1	-1	202	-1	-1	-1	-1	0	-1	-1	41	-1	-1	-1	-1	0	-1	-1	-1	-1	4	-1	-1	-1	-1	0	-1	-1	-1	-1	27	-1	-1	-1	-1	99	-1	-1	-1	-1	239	-1	-1	-1	-1	246	-1	-1	-1	-1	51	-1	-1	-1	-1	218	-1	255	-1	-1	-1	-1	-1	-1	247	-1	-1	-1	-1	-1	100	-1	-1	-1	-1	23	-1	-1	179	-1	-1	-1	-1	0	-1	-1	0	-1	-1	-1	-1	0	-1	-1	-1	-1	-1	-1	0	-1	-1	-1
33	145	-1	107	-1	241	41	61	-1	50	102	-1	100	65	27	-1	14	211	143	146	93	-1	72	53	-1	170	125	188	-1	212	79	-1	23	67	159	-1	126	-1	64	105	123	-1	-1	17	-1	-1	213	-1	252	-1	-1	-1	155	-1	-1	-1	-1	241	-1	14	-1	-1	-1	-1	84	-1	-1	-1	-1	165	-1	-1	-1	-1	-1	125	-1	-1	-1	-1	78	-1	-1	-1	-1	109	-1	-1	-1	-1	-1	19	-1	-1	-1	-1	182	-1	-1	-1	-1	-1	-1	100	-1	-1	-1	-1	-1	42	-1	-1	-1	-1	204	-1	-1	104	-1	-1	-1	-1	-1	233	-1	-1	-1	-1	159	123	-1	-1	-1	-1	0	-1	-1	-1	-1	-1	-1	-1	0	-1	-1
-1	166	228	38	166	252	39	-1	41	-1	119	0	182	60	-1	172	0	-1	120	-1	26	0	-1	174	123	0	75	143	211	192	-1	0	-1	45	-1	53	167	174	198	-1	152	-1	-1	-1	0	-1	-1	10	-1	-1	-1	220	-1	31	-1	-1	0	-1	-1	-1	0	-1	-1	-1	-1	228	-1	-1	-1	-1	239	-1	-1	-1	57	-1	-1	-1	-1	-1	-1	22	-1	-1	-1	-1	-1	128	-1	-1	-1	-1	-1	178	-1	-1	-1	-1	0	-1	-1	164	-1	-1	-1	-1	0	-1	-1	-1	-1	-1	0	-1	-1	249	-1	-1	-1	-1	-1	206	-1	-1	-1	-1	-1	129	-1	-1	-1	-1	-1	-1	-1	0	-1	-1	-1	-1	-1	-1	0	-1	-1
107	-1	250	32	236	-1	31	137	46	11	-1	108	161	75	157	-1	-1	49	118	94	-1	191	83	-1	69	210	150	-1	188	94	127	-1	87	124	106	129	-1	4	93	228	-1	-1	75	-1	-1	-1	225	-1	-1	147	-1	-1	-1	-1	-1	128	-1	-1	237	-1	-1	25	-1	-1	-1	-1	14	-1	-1	-1	-1	-1	-1	112	-1	-1	-1	-1	161	-1	222	-1	-1	-1	-1	-1	-1	157	-1	-1	-1	-1	157	-1	-1	-1	-1	-1	-1	43	-1	-1	-1	-1	40	-1	-1	-1	0	-1	-1	225	-1	-1	-1	-1	-1	107	-1	-1	-1	-1	90	-1	-1	251	-1	-1	-1	172	-1	-1	-1	-1	-1	0	-1	-1	-1	-1	-1	-1	-1	0	-1
181	1	200	-1	62	235	190	-1	177	0	92	-1	38	-1	99	82	205	-1	217	34	229	0	-1	243	85	-1	91	128	214	196	-1	249	53	119	-1	240	131	-1	241	16	0	-1	-1	-1	253	-1	-1	-1	-1	118	-1	-1	-1	-1	195	-1	-1	150	-1	-1	-1	-1	0	-1	-1	-1	-1	-1	186	-1	245	-1	-1	-1	-1	-1	0	-1	-1	-1	-1	-1	101	-1	-1	143	-1	-1	-1	-1	-1	165	-1	-1	-1	-1	-1	7	-1	-1	-1	-1	94	-1	-1	-1	-1	138	-1	-1	-1	-1	-1	89	-1	-1	-1	-1	-1	178	-1	-1	-1	-1	254	-1	-1	12	-1	236	-1	-1	-1	-1	-1	-1	0	-1	-1	-1	-1	-1	-1	0	-1
206	127	-1	164	67	18	-1	62	162	-1	232	247	-1	197	32	57	-1	252	228	102	5	-1	36	188	245	173	-1	236	72	-1	24	-1	46	204	172	-1	63	179	15	7	-1	169	-1	-1	-1	-1	-1	104	-1	-1	252	-1	16	-1	-1	-1	149	-1	-1	-1	-1	146	-1	-1	-1	-1	-1	140	-1	-1	-1	-1	0	-1	-1	95	-1	-1	-1	-1	33	-1	-1	179	-1	-1	-1	-1	-1	238	-1	-1	-1	-1	-1	152	-1	-1	-1	-1	89	-1	-1	-1	-1	-1	255	-1	-1	-1	-1	-1	26	-1	-1	-1	-1	-1	159	-1	124	-1	-1	-1	-1	246	-1	-1	-1	150	-1	-1	-1	-1	-1	-1	0	-1	-1	-1	-1	-1	-1	-1	0
159	34	0	-1	-1	209	18	117	-1	25	6	133	171	-1	170	181	59	-1	0	-1	240	87	197	115	-1	46	0	217	-1	198	0	44	-1	0	-1	0	139	182	-1	98	31	-1	-1	97	-1	-1	0	-1	-1	204	-1	-1	-1	171	-1	-1	-1	-1	-1	31	-1	-1	-1	220	-1	-1	-1	-1	220	-1	-1	165	-1	-1	-1	-1	17	-1	-1	-1	-1	156	-1	-1	-1	-1	0	-1	-1	208	-1	-1	-1	-1	4	-1	-1	-1	-1	96	-1	-1	-1	-1	-1	150	-1	-1	-1	-1	0	-1	-1	-1	-1	-1	144	-1	-1	-1	-1	-1	0	-1	-1	-1	-1	-1	0	-1	-1	-1	-1	-1	-1	-1	-1	0	-1	-1	-1	-1	-1	-1	0
63	84	-1	49	0	194	-1	40	0	57	224	-1	90	50	-1	76	56	214	-1	115	104	171	-1	91	246	-1	205	21	30	-1	208	16	21	-1	168	198	0	-1	218	43	150	-1	0	-1	-1	-1	-1	46	-1	-1	-1	46	-1	-1	245	-1	24	-1	-1	-1	183	-1	-1	-1	-1	-1	231	-1	-1	-1	-1	-1	29	-1	-1	-1	-1	-1	0	-1	-1	-1	-1	-1	0	-1	-1	-1	3	-1	123	-1	-1	-1	-1	-1	0	-1	-1	-1	-1	-1	0	-1	0	-1	-1	-1	-1	120	-1	-1	-1	-1	-1	51	-1	-1	-1	-1	38	-1	-1	-1	0	-1	-1	-1	-1	-1	1	-1	-1	-1	-1	-1	-1	0	-1	-1	-1	-1	-1	-1	-1
