4

4

11	4	3	2
11	4	3	2

8

1	5	5	7	6	10	10	13
1	1	1	1	1	1	1	1

0

31	31	31	31
0	0	0	0

9	17	8	1	9	9	6	3	8	15	5	4	10	11	7	5	-1	1	1	-1

11	28	9	5	10	10	9	4	13	31	10	7	28	12	10	8	-1	2	4	-1
9	17	8	1	9	9	6	3	8	15	5	4	10	11	7	5	984	2	4	-1
5	13	1	1	7	9	6	4	6	8	6	4	5	7	4	2	352	2	4	-1
25	12	10	1	7	9	9	1	3	10	4	0	3	7	5	0	96	2	4	-1
23	26	4	4	6	21	4	3	7	4	4	4	2	6	5	3	32	2	4	-1

11	13	10	5	11	26	9	6	13	20	11	6	21	12	12	8	-1	5	20	-1
9	10	7	5	9	9	6	3	8	7	5	4	10	11	8	5	888	5	20	-1
5	14	3	3	7	9	6	4	6	8	6	4	5	7	4	2	336	5	20	-1
23	19	7	5	7	13	8	2	3	9	4	2	3	5	5	3	40	5	20	-1
19	13	12	1	6	9	6	5	4	9	4	4	2	7	5	3	32	5	20	-1

12	11	10	5	11	17	7	4	13	12	9	6	30	21	8	6	-1	21	40	-1
9	12	8	5	9	9	8	3	8	7	6	4	10	10	6	4	816	21	40	-1
6	6	3	2	7	7	6	3	6	7	6	4	6	6	5	2	336	21	40	-1
23	29	8	1	7	13	9	7	3	8	4	2	3	5	5	3	88	21	40	-1
31	21	8	1	9	10	8	4	3	8	5	3	3	7	3	3	72	21	40	-1
21	27	9	5	6	17	14	1	4	10	1	0	27	4	1	1	16	21	40	-1
17	11	9	1	9	10	6	5	4	12	10	4	9	7	5	5	8	21	40	-1

10	20	8	5	9	5	5	3	13	12	7	6	14	12	12	2	-1	41	60	-1
8	14	8	4	8	8	6	2	8	8	6	4	8	8	5	3	736	41	60	-1
9	16	5	2	5	8	4	4	6	8	5	3	6	7	7	5	296	41	60	-1
8	22	13	4	4	11	4	4	4	8	5	4	4	7	5	3	160	41	60	-1
21	8	4	3	4	9	9	1	3	7	4	3	3	7	4	3	88	41	60	-1
15	3	3	2	3	8	7	6	1	6	6	2	2	6	5	3	48	41	60	-1

12	29	9	3	15	14	11	7	12	15	7	4	21	26	9	2	-1	61	80	-1
12	11	8	3	11	9	6	4	11	8	6	2	10	11	4	3	1056	61	80	-1
12	7	7	5	11	9	6	3	10	8	5	4	8	8	3	1	768	61	80	-1
10	9	5	4	10	8	6	3	10	10	5	3	9	8	6	1	728	61	80	-1
9	10	7	3	7	10	5	3	8	7	6	3	7	5	5	0	584	61	80	-1
6	7	7	6	7	19	4	2	8	8	5	3	7	12	8	3	480	61	80	-1
4	13	10	4	5	7	5	4	6	8	5	3	6	6	5	2	424	61	80	-1
8	29	6	1	2	9	5	4	4	8	6	1	4	7	4	2	168	61	80	-1
10	25	5	4	4	8	8	3	3	7	7	1	3	7	5	1	64	61	80	-1
22	16	9	3	0	7	7	5	1	6	5	2	6	11	9	7	40	61	80	-1

12	29	9	3	15	14	11	7	12	15	7	4	21	26	9	2	-1	81	100	-1
12	11	8	3	11	9	6	4	11	8	6	2	10	11	4	3	1056	81	100	-1
12	7	7	5	11	9	6	3	10	8	5	4	8	8	3	1	768	81	100	-1
10	9	5	4	10	8	6	3	10	10	5	3	9	8	6	1	728	81	100	-1
9	10	7	3	7	10	5	3	8	7	6	3	7	5	5	0	584	81	100	-1
6	7	6	6	7	13	4	2	8	8	5	3	7	8	3	3	480	81	100	-1
4	13	10	4	5	7	5	4	6	8	5	3	6	6	5	2	424	81	100	-1
8	29	10	1	2	9	5	4	4	8	6	1	4	7	4	2	168	81	100	-1
10	25	5	4	4	8	8	3	3	7	7	1	3	7	5	1	64	81	100	-1
22	16	3	3	0	7	7	2	1	6	5	2	6	11	9	7	40	81	100	-1

12	29	9	3	15	14	11	7	12	15	7	4	21	26	9	2	-1	101	120	-1
12	11	8	3	11	9	6	4	11	8	6	2	10	11	4	3	1056	101	120	-1
12	7	7	5	11	9	6	3	10	8	5	4	8	8	3	1	768	101	120	-1
10	9	5	4	10	8	6	3	10	10	5	3	9	8	6	1	728	101	120	-1
9	10	7	3	7	10	5	3	8	7	6	3	7	5	5	0	584	101	120	-1
6	7	6	6	7	13	4	2	8	8	5	3	7	8	3	3	480	101	120	-1
4	13	10	4	5	7	5	4	6	8	5	3	6	6	5	2	424	101	120	-1
8	29	2	1	2	9	4	4	4	8	3	1	4	7	4	2	168	101	120	-1
5	10	5	3	4	8	5	3	3	7	3	1	2	5	4	1	64	101	120	-1
5	10	4	2	3	7	4	2	2	13	5	2	2	7	3	2	40	101	120	-1
4	14	3	2	2	9	7	1	2	5	3	2	2	4	3	1	32	101	120	-1
3	6	3	2	5	5	2	1	1	7	2	1	1	2	2	1	24	101	120	-1
2	17	1	1	1	3	2	1	3	7	7	1	0	9	1	0	16	101	120	-1
